0.70950
0.70860
0.71535
0.71705
0.71800
0.71520
0.72010
0.72700
0.72580
0.72890
0.72840
0.72565
0.72975
0.72800
0.73340
0.73560
0.73510
0.73210
0.73465
0.73230
0.73465
0.73675
0.73880
0.73005
0.73330
0.72120
0.72180
0.72510
0.72500
0.72800
0.73755
0.73925
0.73965
0.73640
0.73405
0.73155
0.73255
0.72830
0.72990
0.72330
0.71965
0.72690
0.72295
0.72360
0.72860
0.72830
0.72550
0.72960
0.73055
0.73340
0.73200
0.72590
0.72200
0.72390
0.71835
0.72365
0.72255
0.72565
0.72920
0.72670
0.72030
0.72030
0.72735
0.73090
0.72680
0.72890
0.73165
0.73630
0.73630
0.73730
0.73520
0.73550
0.73350
0.73145
0.72490
0.72080
0.71230
0.70690
0.70640
0.70790
0.70330
0.70100
0.70070
0.70505
0.70290
0.70185
0.69610
0.69205
0.69610
0.69720
0.69150
0.68630
0.69130
0.68855
0.69040
0.69500
0.69150
0.69150
0.69330
0.69460
0.69300
0.69060
0.69705
0.70110
0.70360
0.70370
0.70390
0.70240
0.70420
0.70200
0.70050
0.70230
0.69540
0.69240
0.69340
0.69145
0.68440
0.68790
0.69055
0.68920
0.68200
0.67730
0.67410
0.67800
0.67030
0.67730
0.67645
0.67840
0.68410
0.68510
0.68155
0.67530
0.67775
0.67680
0.67720
0.67780
0.67985
0.67290
0.68160
0.67950
0.67990
0.68390
0.67780
0.68000
0.68230
0.68050
0.67920
0.67300
0.67510
0.67315
0.67360
0.66700
0.66020
0.65850
0.65910
0.65640
0.65775
0.65960
0.66200
0.66470
0.67080
0.66760
0.66345
0.66870
0.66980
0.67075
0.66670
0.66475
0.65970
0.65950
0.65480
0.66020
0.65845
0.65190
0.65280
0.65110
0.65540
0.65750
0.65490
0.65750
0.65735
0.66470
0.66830
0.66745
0.66385
0.66785
0.66480
0.66155
0.66210
0.66090
0.65750
0.64975
0.64810
0.64270
0.64490
0.64905
0.64670
0.65285
0.65055
0.65790
0.65910
0.65410
0.65440
0.65480
0.65525
0.65210
0.65160
0.65230
0.65330
0.65510
0.65395
0.66620
0.66555
0.66630
0.67570
0.67775
0.67545
0.67400
0.67180
0.67665
0.68035
0.68315
0.68660
0.68425
0.67875
0.68285
0.68120
0.67700
0.67680
0.67900
0.68430
0.68615
0.68910
0.69295
0.69430
0.68825
0.68795
0.68635
0.68735
0.68890
0.68535
0.68385
0.67895
0.68260
0.68550
0.67775
0.67730
0.67260
0.67315
0.67105
0.67130
0.66200
0.66820
0.67330
0.67460
0.67430
0.67910
0.67865
0.68260
0.68335
0.68230
0.67760
0.67605
0.67340
0.67250
0.67660
0.67970
0.67610
0.68415
0.68260
0.68280
0.69025
0.69175
0.68950
0.68740
0.67690
0.67365
0.67650
0.67220
0.67910
0.68105
0.68180
0.68795
0.68440
0.68745
0.68640
0.68110
0.68775
0.68785
0.68945
0.68380
0.68115
0.68095
0.68150
0.67870
0.67785
0.67570
0.67940
0.68310
0.68545
0.68500
0.68420
0.68450
0.68440
0.68345
0.69290
0.68830
0.68770
0.69170
0.68315
0.67905
0.67850
0.68215
0.67885
0.67640
0.67950
0.67515
0.67315
0.67410
0.67440
0.67670
0.67280
0.67750
0.67490
0.67190
0.67150
0.66785
0.66255
0.66400
0.66780
0.66635
0.66520
0.66355
0.66165
0.66120
0.66110
0.65480
0.65740
0.66125
0.65840
0.65840
0.65720
0.65565
0.65415
0.65350
0.65380
0.65045
0.64890
0.65170
0.65540
0.65460
0.65430
0.65125
0.65110
0.65835
0.66260
0.66250
0.66190
0.66480
0.65980
0.65750
0.65855
0.65350
0.65045
0.64970
0.65260
0.65710
0.66020
0.65930
0.66440
0.66310
0.66845
0.66940
0.67045
0.66750
0.66770
0.67180
0.66835
0.66355
0.66270
0.65985
0.66500
0.66720
0.67120
0.67280
0.67140
0.67320
0.67870
0.67670
0.67410
0.66940
0.67060
0.66565
0.66350
0.66250
0.65970
0.65530
0.65450
0.65050
0.65560
0.64755
0.64635
0.64850
0.64685
0.64530
0.64500
0.64400
0.64320
0.64145
0.64100
0.64185
0.64020
0.63855
0.63845
0.63830
0.63600
0.63165
0.62965
0.63055
0.62910
0.63435
0.63695
0.63770
0.64270
0.64350
0.64145
0.64250
0.64060
0.63810
0.63320
0.63445
0.63050
0.62900
0.62705
0.62895
0.63195
0.62800
0.62900
0.62765
0.62615
0.62535
0.62675
0.63175
0.63195
0.62890
0.63080
0.62890
0.63190
0.63175
0.63025
0.62840
0.62950
0.63665
0.63935
0.64245
0.64100
0.64170
0.63790
0.63650
0.63670
0.64135
0.64195
0.64400
0.64010
0.63660
0.63600
0.63690
0.63375
0.63660
0.64000
0.64040
0.63860
0.64000
0.63910
0.64270
0.64050
0.64050
0.64125
0.64095
0.64290
0.64245
0.64185
0.64390
0.65000
0.65200
0.65515
0.65435
0.65560
0.65515
0.65390
0.65860
0.66080
0.65960
0.65990
0.65655
0.65830
0.66110
0.66070
0.66250
0.66770
0.67105
0.67350
0.66965
0.66645
0.66635
0.66280
0.66490
0.66060
0.66380
0.66260
0.66070
0.66340
0.66355
0.66150
0.66050
0.65885
0.65935
0.66170
0.65850
0.65410
0.65395
0.65220
0.64905
0.64635
0.64540
0.64880
0.64520
0.64070
0.63810
0.64385
0.64430
0.64400
0.64345
0.64210
0.63980
0.63900
0.63355
0.63210
0.63400
0.63110
0.62935
0.63045
0.62190
0.62620
0.62900
0.62885
0.63165
0.63320
0.63180
0.62610
0.62595
0.61300
0.60395
0.60670
0.59470
0.56400
0.57230
0.56080
0.57745
0.58125
0.58005
0.59550
0.60260
0.59965
0.59600
0.59310
0.58980
0.58770
0.59575
0.59505
0.60055
0.61275
0.60785
0.59480
0.60150
0.60205
0.59965
0.59630
0.59425
0.59895
0.59995
0.60965
0.61255
0.61015
0.60290
0.60605
0.60540
0.60125
0.61215
0.61510
0.60610
0.60750
0.59695
0.59980
0.59515
0.60385
0.61080
0.61245
0.61170
0.60985
0.61255
0.61930
0.61890
0.62030
0.62800
0.64140
0.64175
0.64700
0.65200
0.65575
0.65125
0.65275
0.64100
0.64250
0.64825
0.64425
0.64340
0.64130
0.64160
0.64680
0.64770
0.64145
0.64315
0.64305
0.64255
0.64620
0.64830
0.65130
0.65495
0.65605
0.65460
0.65725
0.65650
0.65740
0.65330
0.65615
0.65610
0.65430
0.65410
0.65765
0.66450
0.66660
0.66425
0.66670
0.66935
0.66570
0.66535
0.67010
0.66325
0.66130
0.66360
0.66405
0.66825
0.66010
0.66095
0.65380
0.65760
0.65370
0.65365
0.65475
0.66030
0.65575
0.65365
0.65420
0.65370
0.65600
0.66315
0.66490
0.67390
0.67575
0.67685
0.67695
0.67110
0.67100
0.66900
0.66210
0.66780
0.66560
0.66880
0.66980
0.67225
0.66895
0.67730
0.67690
0.66710
0.66085
0.65410
0.65515
0.65440
0.65640
0.66030
0.66185
0.66385
0.66460
0.66535
0.65815
0.65505
0.65955
0.66570
0.66350
0.66610
0.66540
0.65960
0.66270
0.65930
0.65935
0.66445
0.66720
0.66830
0.66975
0.66490
0.66250
0.65940
0.66310
0.66840
0.66965
0.67655
0.67940
0.68250
0.68285
0.68970
0.68335
0.68750
0.69105
0.68840
0.69040
0.69130
0.69545
0.69420
0.69745
0.70075
0.70100
0.70410
0.70280
0.70635
0.70565
0.70745
0.70440
0.70390
0.70450
0.70200
0.70940
0.70820
0.70835
0.70875
0.71105
0.71460
0.71005
0.70845
0.70320
0.71020
0.71125
0.71625
0.72270
0.71740
0.72575
0.72935
0.72555
0.72005
0.71730
0.72255
0.71915
0.72185
0.71260
0.71280
0.71235
0.71850
0.72180
0.71925
0.71895
0.72375
0.71335
0.71680
0.71765
0.71570
0.72060
0.72120
0.71610
0.72335
0.72325
0.72055
0.72260
0.72220
0.72370
0.71850
0.71950
0.72205
0.73085
0.73295
0.73430
0.74350
0.73485
0.72720
0.72675
0.72980
0.72550
0.71710
0.71840
0.71150
0.71670
0.71930
0.72275
0.71970
0.71985
0.71860
0.72490
0.71575
0.71510
0.71110
0.69935
0.69785
0.69655
0.69795
0.70075
0.69885
0.69805
0.70590
0.70585
0.70105
0.70505
0.70185
0.70125
0.70545
0.71415
0.71610
0.71335
0.72010
0.71745
0.72090
0.71715
0.72230
0.71965
0.72805
0.72475
0.71725
0.71840
0.71710
0.72280
0.72400
0.72815
0.72615
0.72470
0.71770
0.71770
0.72240
0.72360
0.72350
0.71750
0.71870
0.71700
0.72150
0.72565
0.72810
0.72765
0.72515
0.72845
0.72630
0.72280
0.71390
0.72240
0.72025
0.71780
0.71935
0.71410
0.71345
0.71340
0.70960
0.70050
0.69520
0.69770
0.69980
0.70500
0.70705
0.70680
0.70430
0.69975
0.69885
0.69620
0.70240
0.70705
0.70180
0.69835
0.69260
0.69875
0.70030
0.69895
0.70125
0.69930
0.69840
0.69400
0.69195
0.69580
0.69775
0.69705
0.69950
0.69630
0.69540
0.70005
0.69630
0.69965
0.70575
0.70465
0.70435
0.70100
0.69710
0.70060
0.70340
0.70070
0.70370
0.70145
0.68805
0.68515
0.68145
0.68450
0.68905
0.69355
0.69650
0.69405
0.70050
0.70255
0.70425
0.70635
0.71140
0.71410
0.71445
0.71105
0.70900
0.70995
0.71045
0.71120
0.70800
0.71245
0.70620
0.70295
0.70220
0.70225
0.69975
0.70620
0.70225
0.70040
0.69455
0.68735
0.68985
0.69335
0.69560
0.69665
0.69185
0.69420
0.69375
0.69270
0.69335
0.69755
0.70360
0.70785
0.70955
0.71570
0.72055
0.71630
0.71675
0.71605
0.71600
0.71800
0.71655
0.71785
0.71205
0.71670
0.71045
0.71065
0.71510
0.71250
0.70655
0.70190
0.70405
0.70455
0.69905
0.70050
0.70360
0.69900
0.69505
0.69340
0.68875
0.68425
0.68235
0.68165
0.68235
0.68105
0.67990
0.67475
0.67455
0.67840
0.68045
0.67950
0.67955
0.67480
0.67385
0.67745
0.67975
0.67335
0.67115
0.67575
0.68075
0.68245
0.68070
0.68385
0.68320
0.68125
0.67895
0.67450
0.67765
0.67695
0.67875
0.68535
0.68590
0.67985
0.68015
0.67740
0.67810
0.67340
0.67115
0.66925
0.66815
0.66385
0.65755
0.65455
0.65700
0.66475
0.66185
0.66715
0.66415
0.66430
0.66815
0.66555
0.66425
0.66215
0.66400
0.66895
0.66890
0.66985
0.67075
0.67505
0.67515
0.66940
0.66895
0.67615
0.67650
0.67770
0.67710
0.68875
0.68410
0.68145
0.68265
0.68610
0.68025
0.67395
0.67425
0.68430
0.68930
0.69165
0.68720
0.69610
0.69685
0.69610
0.69485
0.68915
0.69470
0.69750
0.69235
0.69230
0.69455
0.69395
0.69060
0.68835
0.68235
0.68195
0.68850
0.68190
0.67320
0.67615
0.67795
0.67160
0.66200
0.65705
0.65310
0.65040
0.64355
0.64615
0.64465
0.65585
0.64150
0.63740
0.63035
0.63060
0.62945
0.62385
0.62665
0.63310
0.63570
0.63010
0.63790
0.64500
0.64330
0.64750
0.64705
0.65045
0.65495
0.65310
0.65180
0.64720
0.65555
0.64690
0.64735
0.64365
0.63970
0.63245
0.62590
0.62375
0.62835
0.63440
0.63075
0.63395
0.62950
0.62600
0.63085
0.62965
0.62515
0.62135
0.62305
0.62070
0.62245
0.61750
0.61605
0.61840
0.61685
0.61185
0.61330
0.61135
0.61335
0.61960
0.61490
0.62395
0.62225
0.62385
0.62310
0.62725
0.62385
0.62660
0.62950
0.62925
0.63280
0.62345
0.62830
0.62940
0.62485
0.62760
0.62880
0.63955
0.64295
0.64450
0.63585
0.63520
0.62730
0.62315
0.61840
0.61900
0.61880
0.62050
0.62000
0.61130
0.61435
0.61315
0.60960
0.60690
0.60885
0.61240
0.60150
0.60480
0.60840
0.61170
0.61405
0.60030
0.60180
0.59595
0.59800
0.59400
0.58950
0.58245
0.58455
0.56875
0.56230
0.57025
0.57330
0.56250
0.57140
0.57480
0.57735
0.56600
0.56150
0.55800
0.55830
0.56190
0.56550
0.55580
0.56660
0.56965
0.56595
0.56630
0.57110
0.57315
0.58345
0.58190
0.58085
0.58245
0.58435
0.58180
0.57715
0.58910
0.59440
0.59505
0.58890
0.60050
0.61100
0.60900
0.61375
0.61400
0.61400
0.61450
0.61100
0.61650
0.62500
0.62520
0.62250
0.61680
0.62080
0.63210
0.63585
0.64075
0.63345
0.63160
0.63405
0.63755
0.63870
0.63945
0.64450
0.64605
0.63530
0.63860
0.63490
0.63375
0.62965
0.62370
0.62645
0.63250
0.63350
0.62615
0.63020
0.62440
0.63590
0.63700
0.63725
0.63690
0.63770
0.63985
0.63950
0.64250
0.64245
0.64005
0.64900
0.64900
0.64775
0.64800
0.65055
0.65000
0.64680
0.64335
0.65270
0.64730
0.63150
0.63235
0.63090
0.63270
0.63060
0.63640
0.63295
0.62600
0.62435
0.62300
0.62505
0.62340
0.62305
0.62370
0.61675
0.61665
0.61680
0.62430
0.62290
0.62150
0.61955
0.61100
0.61080
0.61055
0.61500
0.62150
0.62300
0.61750
0.62000
0.62750
0.62400
0.61860
0.62450
0.62435
0.62010
0.62130
0.62580
0.62125
0.62750
0.62280
0.62955
0.63670
0.63010
0.62225
0.61980
0.62125
0.63135
0.61965
0.61875
0.62030
0.61630
0.61605
0.61390
0.61480
0.61315
0.61560
0.61750
0.61800
0.62420
0.62385
0.63050
0.63015
0.63315
0.63375
0.63735
0.62800
0.62025
0.62485
0.62435
0.62470
0.62340
0.62765
0.62850
0.61985
0.60895
0.60750
0.60600
0.60560
0.60175
0.60160
0.60735
0.60745
0.60820
0.60460
0.60900
0.61175
0.61190
0.61640
0.61635
0.62400
0.62200
0.61855
0.61690
0.62180
0.61685
0.61640
0.61775
0.61250
0.60860
0.60750
0.61360
0.61610
0.61920
0.61845
0.61640
0.62025
0.62150
0.62195
0.63150
0.63530
0.63275
0.62835
0.62975
0.62215
0.61605
0.62140
0.62020
0.62450
0.61725
0.61710
0.62005
0.61315
0.60820
0.60995
0.61100
0.60755
0.60560
0.60610
0.60150
0.59630
0.59770
0.59555
0.59145
0.59405
0.59105
0.59285
0.59620
0.59620
0.59180
0.59170
0.59135
0.59525
0.59675
0.59770
0.59465
0.59235
0.58635
0.58700
0.58915
0.59040
0.59125
0.59030
0.59320
0.59265
0.59080
0.59165
0.59435
0.59170
0.59270
0.59610
0.59655
0.59445
0.59300
0.59660
0.59930
0.59385
0.59045
0.59335
0.59660
0.59850
0.60295
0.60490
0.60190
0.59270
0.59060
0.59065
0.58865
0.58480
0.58315
0.58545
0.58585
0.57825
0.58245
0.58170
0.58380
0.57995
0.58905
0.58880
0.59915
0.59545
0.59280
0.59100
0.58930
0.58895
0.58805
0.60045
0.60065
0.59645
0.59995
0.60445
0.60555
0.60300
0.60545
0.60775
0.61040
0.61760
0.61700
0.61750
0.62135
0.61705
0.61470
0.61415
0.61680
0.61240
0.61285
0.61330
0.62150
0.62010
0.62255
0.62200
0.62640
0.62600
0.62925
0.63240
0.63580
0.63400
0.62555
0.62405
0.62370
0.62535
0.62540
0.62350
0.62370
0.62385
0.62305
0.61670
0.61380
0.61225
0.61215
0.61315
0.60815
0.61000
0.61060
0.61060
0.60970
0.61415
0.61330
0.61220
0.61455
0.60520
0.60975
0.61140
0.61145
0.61495
0.61275
0.60555
0.60905
0.60950
0.61395
0.61375
0.61700
0.61970
0.61920
0.61655
0.61605
0.61445
0.60915
0.60875
0.61065
0.60940
0.60740
0.61335
0.61795
0.61775
0.61675
0.61480
0.61675
0.61070
0.60845
0.60740
0.60470
0.60895
0.60495
0.59925
0.60065
0.60010
0.59910
0.59500
0.59595
0.60240
0.60300
0.60100
0.60460
0.60595
0.59810
0.60095
0.59420
0.58870
0.59035
0.59175
0.58665
0.59255
0.59190
0.59425
0.59665
0.59605
0.59615
0.58890
0.59285
0.59745
0.60085
0.60125
0.59865
0.60060
0.60250
0.60100
0.60150
0.60465
0.61230
0.61120
0.61310
0.60985
0.61325
0.61105
0.60950
0.61285
0.61615
0.61420
0.61070
0.61220
0.61810
0.61875
0.62095
0.61920
0.61060
0.61205
0.61450
0.61730
0.61565
0.61290
0.61260
0.61405
0.61355
0.61230
0.61095
0.61220
0.61155
0.60795
0.61010
0.60590
0.60805
0.61140
0.61210
0.61455
0.61225
0.61080
0.60915
0.60865
0.60945
0.60625
0.60800
0.60715
0.60275
0.60060
0.59705
0.59365
0.59230
0.58925
0.58990
0.58695
0.59090
0.59530
0.59445
0.59495
0.59540
0.59965
0.59980
0.60195
0.60100
0.60275
0.60330
0.59930
0.60025
0.60700
0.61245
0.61515
0.61500
0.61545
0.62240
0.62140
0.62395
0.62835
0.62680
0.62405
0.62240
0.61775
0.61960
0.62205
0.61840
0.61385
0.61490
0.61325
0.61805
0.61555
0.61910
0.62055
0.62015
0.62345
0.62340
0.62660
0.63445
0.62655
0.63100
0.63625
0.63435
0.62890
0.62460
0.62145
0.61630
0.61425
0.61295
0.60675
0.60970
0.60960
0.60915
0.60495
0.60650
0.60590
0.60750
0.60270
0.60355
0.60110
0.60045
0.59770
0.59715
0.59660
0.59690
0.59955
0.59705
0.59655
0.59355
0.60200
0.59655
0.59665
0.59200
0.58755
0.58445
0.58740
0.58810
0.59155
0.58805
0.58535
0.58630
0.58130
0.58500
0.58980
0.59000
0.59005
0.58810
0.58715
0.58560
0.58780
0.58330
0.58500
0.57995
0.57995
0.57670
0.57685
0.57835
0.57565
0.56250
0.56185
0.56460
0.56425
0.56220
0.56410
0.56400
0.56065
0.56270
0.56460
0.56310
0.55995
0.55925
0.55655
0.55980
0.56000
0.56305
0.56095
0.55945
0.56320
0.56665
0.56645
0.56730
0.56935
0.56655
0.56625
0.56625
0.56275
0.55445
0.56190
0.56555
0.56765
0.56500
0.56360
0.56585
0.56405
0.56805
0.57350
0.57235
0.57005
0.57085
0.57625
0.57530
0.57255
0.57255
0.56940
0.56245
0.56065
0.56110
0.56535
0.57215
0.57355
0.57180
0.56915
0.57100
0.57385
0.57015
0.57515
0.58235
0.58165
0.58035
0.57630
0.57465
0.57220
0.57225
0.57265
0.57290
0.57095
0.56710
0.57050
0.57340
0.57920
0.55750
0.55700
0.55355
0.56330
0.57790
0.58395
0.58920
0.59010
0.59135
0.59960
0.59790
0.59480
0.59475
0.59655
0.59295
0.59355
0.59235
0.59765
0.59520
0.60070
0.59630
0.58860
0.59240
0.58565
0.59445
0.59055
0.58720
0.58910
0.59210
0.59360
0.59255
0.59115
0.60255
0.59950
0.59350
0.59395
0.59655
0.60395
0.60060
0.60330
0.60415
0.60340
0.60305
0.60345
0.60215
0.60280
0.60170
0.60595
0.60245
0.59960
0.59460
0.59950
0.60275
0.60435
0.60700
0.60680
0.60810
0.60940
0.60820
0.60665
0.60335
0.60080
0.59995
0.60070
0.60310
0.59875
0.59825
0.59540
0.59350
0.59570
0.59435
0.59595
0.60065
0.60505
0.60270
0.60135
0.59690
0.59660
0.59065
0.58780
0.59210
0.59050
0.59115
0.59405
0.59595
0.59540
0.59425
0.59465
0.59875
0.59220
0.59370
0.59225
