1.764052345967663982e+01 2.328997555084540494e+01
4.001572083672233049e+00 -4.170509975510583445e-02
9.787379841057392227e+00 5.975924845600191659e+00
2.240893199201457975e+01 2.531712211648861199e+01
1.867557990149967395e+01 1.515620968615719377e+01
-9.772778798764109709e+00 -3.941915241816231763e+00
9.500884175255894348e+00 8.260027232976652201e+00
-1.513572082976978983e+00 -3.755936517299252486e+00
-1.032188517935578531e+00 4.736637561505575356e+00
4.105985019383723511e+00 8.547529393686996713e+00
1.440435711608779812e+00 7.043112592888489232e+00
1.454273506962975127e+01 1.726086904445590875e+01
7.610377251469934379e+00 5.026700196305826651e+00
1.216750164928284139e+00 6.946945024225385623e+00
4.438632327454256732e+00 3.634622214600115697e+00
3.336743273742668325e+00 5.744112461131853919e+00
1.494079073157606175e+01 1.778254663489730447e+01
-2.051582637658008856e+00 -2.516612916930511368e+00
3.130677016509013644e+00 4.972915127547254954e+00
-8.540957393017247767e+00 -5.774337378317667913e+00
-2.552989815834078513e+01 -2.440062156487389800e+01
6.536185954403606502e+00 3.237983582651023262e+00
8.644361988595058222e+00 9.539076511213226084e+00
-7.421650204064419221e+00 -3.442492514003328452e+00
2.269754623987607545e+01 2.061384266068197846e+01
-1.454365674598764713e+01 -1.499256036697065930e+01
4.575851730144606666e-01 -8.478754821504517203e-01
-1.871838500258335980e+00 3.675952685179689983e+00
1.532779214358457587e+01 1.734467641462188325e+01
1.469358769900285111e+01 1.591597320772618218e+01
1.549474256969163077e+00 -7.602739663667861247e-01
3.781625196021735746e+00 5.399372769897187396e+00
-8.877857476301127093e+00 -1.090085545827325575e+01
-1.980796468223926965e+01 -1.971247300741621444e+01
-3.479121493261525977e+00 -5.386659728398168312e+00
1.563489691039800622e+00 3.592789575879300035e+00
1.230290680727720698e+01 1.403267925712203024e+01
1.202379848784411287e+01 1.139890222111012896e+01
-3.873268174079522730e+00 -2.685248036094586954e+00
-3.023027505753355548e+00 -6.302212031944872450e+00
-1.048552965067092657e+01 -1.495930242878774408e+01
-1.420017937178975131e+01 -1.288200426799614107e+01
-1.706270190625012617e+01 -1.656268142013253808e+01
1.950775395231789844e+01 2.141284826299421695e+01
-5.096521817516535435e+00 2.052912507075291160e+00
-4.380743016111863675e+00 -1.547304555140621929e+00
-1.252795360049926288e+01 -1.526642027683173808e+01
7.774903558319100405e+00 1.112595242260665884e+01
-1.613897847557951337e+01 -2.008670070711407618e+01
-2.127402802139687132e+00 -3.512156616583814284e+00
-8.954665611936755809e+00 -9.159390427910649279e+00
3.869024978592619846e+00 9.009053143540718622e+00
-5.108051375688730467e+00 -7.342315841834050616e+00
-1.180632184122412198e+01 -1.428563745720116529e+01
-2.818222833865486887e-01 -5.771798566628456584e-01
4.283318705304176355e+00 2.292883846217854238e+00
6.651722238316788438e-01 4.045079990151199567e+00
3.024718977397813813e+00 -2.150755476924559595e-01
-6.343220936809635724e+00 -9.785626894042943391e+00
-3.627411659871381033e+00 -4.940871794104682913e+00
-6.724604477759510424e+00 -8.218701829836424722e+00
-3.595531615405413106e+00 2.193064546045544461e+00
-8.131462820444539830e+00 -5.283200399667257408e+00
-1.726282602331676941e+01 -1.700017229916119632e+01
1.774261422537528388e+00 -1.902045133952975364e+00
-4.017809362082618740e+00 -1.484720432877977281e+00
-1.630198346966044554e+01 -1.930262951182913866e+01
4.627822555257742110e+00 -6.490735075092679551e-03
-9.072983643832422729e+00 -5.508894266775516968e+00
5.194539579613894897e-01 1.470281793735938258e+00
7.290905621775368495e+00 1.005348209311782526e+01
1.289829107574106626e+00 2.246012066403170415e+00
1.139400684543300635e+01 1.396449868114108028e+01
-1.234825820353652581e+01 -1.430133498343696630e+01
4.023416411775490253e+00 9.206878864220962022e-01
-6.848100909403131986e+00 -4.803317354558251040e+00
-8.707971491818817356e+00 -1.111820048434034014e+01
-5.788496647644154613e+00 -7.857145980894756576e+00
-3.115525321273726611e+00 -4.482122831825756215e+00
5.616534222974544077e-01 6.140908993726246212e-01
-1.165149840783356439e+01 -1.271348014159401529e+01
9.008264869541871889e+00 4.883410989287815696e+00
4.656624397304598872e+00 2.725769188805927445e+00
-1.536243686277223830e+01 -2.203264631944551866e+01
1.488252193795599609e+01 1.675821629103755939e+01
1.895889176030583201e+01 1.415271879348559025e+01
1.178779571159650708e+01 8.474645693311154915e+00
-1.799248358123509028e+00 -1.642753120340585848e+00
-1.070752621510542468e+01 -1.292621520427936410e+01
1.054451726931136690e+01 1.517356105553157519e+01
-4.031769469731796285e+00 -7.910340198902142461e+00
1.222445070382427446e+01 1.302560331187182285e+01
2.082749780768602843e+00 1.964901326086116118e+00
9.766390364837127080e+00 6.262109871613534828e+00
3.563663971744018610e+00 5.133493953339279159e+00
7.065731681919481311e+00 6.551092688252737162e+00
1.050002072082047849e-01 2.420371860849206858e+00
1.785870493905835232e+01 2.032921740094954544e+01
3.000000000000000000e+01 -3.000000000000000000e+01
-3.000000000000000000e+01 3.000000000000000000e+01
